2
1
0
4
3
2
1
0
4
6
5
2
1
0
8
7
4
3
1
9
6
8
2
4
3
1
6
2
11
5
10
9
4
11
6
2
5
13
12
8
7
3
14
9
13
4
8
7
3
15
14
6
11
9
8
4
11
5
17
10
16
9
15
6
17
11
5
10
19
18
13
12
7
20
14
19
8
13
12
7
21
15
20
9
14
13
8
21
14
9
22
15
11
17
17
10
24
16
23
15
22
11
24
17
10
16
26
25
19
18
12
27
20
26
13
19
18
12
28
21
27
14
20
19
13
29
30
28
15
22
21
20
14
21
30
15
31
22
17
24
24
16
33
23
32
22
31
17
33
24
16
23
35
34
26
25
18
36
27
35
19
26
25
18
37
28
36
20
27
26
19
38
29
37
21
28
27
20
39
38
30
29
28
21
29
39
21
40
30
22
31
30
40
22
41
31
24
33
33
23
43
32
42
31
41
24
43
33
23
32
45
44
35
34
25
46
36
45
26
35
34
25
47
37
46
27
36
35
26
48
38
47
28
37
36
27
49
39
48
29
38
37
28
49
38
50
29
51
39
30
40
39
51
30
52
40
31
41
40
52
31
53
41
33
43
43
32
55
42
54
41
53
33
55
43
32
42
57
56
45
44
34
58
46
57
35
45
44
34
59
47
58
36
46
45
35
60
48
59
37
47
46
36
61
49
60
38
48
47
37
61
39
50
62
49
48
38
49
39
62
50
51
63
39
50
40
63
51
52
64
40
51
41
64
52
53
65
41
52
43
55
65
53
66
67
66
55
42
54
53
43
66
55
42
54
69
68
57
56
44
70
58
69
45
57
56
44
71
59
70
46
58
57
45
72
60
71
47
59
58
46
73
61
72
48
60
59
47
73
49
62
74
61
60
48
49
61
50
74
62
63
75
50
62
51
75
63
64
76
51
63
52
76
64
65
77
52
64
53
77
65
67
78
55
54
53
66
67
53
66
65
67
78
80
79
69
68
56
81
70
80
57
69
68
56
82
71
81
58
70
69
57
83
72
82
59
71
70
58
84
73
83
60
72
71
59
74
84
61
73
72
60
73
61
84
62
86
74
75
85
62
74
63
85
75
76
87
63
75
64
87
76
77
88
64
76
65
88
77
78
89
65
67
77
78
89
91
90
80
79
68
92
81
91
69
80
79
68
93
82
92
70
81
80
69
94
83
93
71
82
81
70
95
84
94
72
83
82
71
96
95
73
74
86
84
83
72
74
86
75
98
85
87
97
84
96
74
99
86
85
98
75
85
76
97
87
88
100
76
87
77
100
88
89
101
77
78
88
89
101
103
102
91
90
79
104
92
103
80
91
90
79
105
93
104
81
92
91
80
106
94
105
82
93
92
81
107
95
106
83
94
93
82
108
96
107
84
95
94
83
95
84
108
96
86
99
85
98
87
110
97
100
109
86
99
85
111
98
97
110
96
108
86
112
99
98
111
87
97
88
109
100
101
113
88
89
100
101
113
115
114
103
102
90
116
104
115
91
103
102
90
117
105
116
92
104
103
91
118
106
117
93
105
104
92
119
107
118
94
106
105
93
120
108
119
95
107
106
94
107
95
96
120
108
99
112
97
110
100
122
109
113
121
98
111
97
123
110
109
122
99
112
98
124
111
110
123
108
120
99
125
112
111
124
100
101
109
113
121
127
126
115
114
102
128
116
127
103
115
114
102
129
117
128
104
116
115
103
131
118
130
129
105
117
116
104
132
119
131
106
118
117
105
120
132
107
119
118
106
119
107
132
108
133
120
112
125
109
113
122
121
134
110
123
109
135
122
121
134
111
124
110
136
123
122
135
112
125
111
137
124
123
136
120
133
112
138
125
124
137
140
139
127
126
114
142
128
141
140
115
127
126
114
129
142
116
128
127
115
117
130
128
116
144
129
143
142
131
117
145
130
144
129
132
118
146
117
131
145
130
120
119
133
118
132
146
131
120
132
125
138
133
147
146
122
121
135
134
148
123
136
122
149
135
134
148
124
137
123
150
136
135
149
125
138
124
151
137
136
150
133
147
125
152
138
137
151
126
140
153
139
127
141
126
140
153
139
142
127
155
140
141
154
153
129
128
143
127
142
155
141
129
144
142
143
156
155
130
145
129
158
143
144
157
156
131
146
130
159
145
158
144
132
133
131
147
146
159
145
138
133
152
147
159
146
135
134
149
148
160
136
150
135
161
149
148
160
137
151
136
162
150
149
161
138
152
137
163
151
150
162
147
138
164
159
152
151
163
141
154
140
153
139
155
165
141
154
153
143
142
156
141
155
165
154
144
143
157
155
156
166
165
158
144
168
156
157
167
166
159
145
169
144
158
168
157
147
152
146
164
145
159
169
158
149
148
161
160
170
150
162
149
171
161
160
170
151
163
150
172
162
161
171
152
164
151
173
163
162
172
152
163
159
164
173
169
156
166
155
165
154
157
167
156
166
165
168
174
157
167
166
169
158
175
157
168
174
167
164
159
173
158
169
175
168
161
160
171
170
176
162
172
161
177
171
170
176
163
173
162
178
172
171
177
163
164
172
178
169
173
179
175
175
180
168
174
167
173
169
179
168
175
180
174
171
170
177
176
181
172
178
171
182
177
176
181
173
172
183
179
178
177
182
178
173
183
175
179
184
180
179
184
175
180
174
177
176
182
181
185
178
183
177
186
182
181
185
178
182
179
186
183
187
184
183
187
179
184
180
182
181
186
185
188
182
183
185
188
186
189
187
183
184
186
189
187
186
185
188
190
189
188
190
186
189
187
188
190
189
