0 32 51
32 16 52
16 33 53
33 8 54
19 34 55
34 1 35
3 43 27
43 28 56
28 44 57
44 14 58
14 45 59
45 29 60
29 46 61
46 7 62
7 47 63
47 30 64
30 48 65
48 15 66
15 49 67
49 31 68
31 50 69
50 0 51
2 24 70
24 12 71
12 25 72
25 6 73
6 26 74
26 13 75
13 27 76
35 20 55
20 36 77
36 10 78
10 37 79
37 21 80
21 38 81
38 5 82
5 39 83
39 22 84
22 40 85
40 11 86
11 41 87
41 23 88
23 42 89
42 2 70
8 17 90
17 4 91
4 18 92
18 9 93
9 19 94
51 32 52
52 16 53
53 33 54
54 8 90
55 34 35
19 55 94
27 43 56
56 28 57
57 44 58
58 14 59
59 45 60
60 29 61
61 46 62
62 7 63
63 47 64
64 30 65
65 48 66
66 15 67
67 49 68
68 31 69
69 50 51
70 24 71
71 12 72
72 25 73
73 6 74
74 26 75
75 13 76
76 27 56
55 20 77
77 36 78
78 10 79
79 37 80
80 21 81
81 38 82
82 5 83
83 39 84
84 22 85
85 40 86
86 11 87
87 41 88
88 23 89
89 42 70
90 17 91
91 4 92
92 18 93
93 9 94
51 52 69
52 53 95
53 54 96
54 90 97
94 55 77
56 57 98
57 58 99
58 59 100
59 60 101
60 61 102
61 62 103
62 63 104
63 64 105
64 65 106
65 66 107
66 67 108
67 68 109
68 69 110
70 71 89
71 72 111
72 73 112
73 74 113
74 75 114
75 76 98
76 56 98
77 78 115
78 79 116
79 80 117
80 81 118
81 82 119
82 83 120
83 84 121
84 85 122
85 86 123
86 87 124
87 88 125
88 89 126
90 91 127
91 92 128
92 93 129
93 94 115
69 52 95
95 53 96
96 54 97
97 90 127
94 77 115
98 57 99
99 58 100
100 59 101
101 60 102
102 61 103
103 62 104
104 63 105
105 64 106
106 65 107
107 66 108
108 67 109
109 68 110
110 69 95
89 71 111
111 72 112
112 73 113
113 74 114
114 75 98
115 78 116
116 79 117
117 80 118
118 81 119
119 82 120
120 83 121
121 84 122
122 85 123
123 86 124
124 87 125
125 88 126
126 89 111
127 91 128
128 92 129
129 93 115
95 96 130
96 97 130
97 127 131
98 99 114
99 100 132
100 101 133
101 102 134
102 103 135
103 104 136
104 105 137
105 106 138
106 107 139
107 108 140
108 109 141
109 110 130
110 95 130
111 112 142
112 113 143
113 114 132
115 116 129
116 117 144
117 118 145
118 119 146
119 120 147
120 121 148
121 122 149
122 123 150
123 124 151
124 125 152
125 126 153
126 111 142
127 128 154
128 129 155
130 97 156
131 127 154
97 131 156
114 99 132
132 100 133
133 101 134
134 102 135
135 103 136
136 104 137
137 105 138
138 106 139
139 107 140
140 108 141
141 109 130
142 112 143
143 113 132
129 116 144
144 117 145
145 118 146
146 119 147
147 120 148
148 121 149
149 122 150
150 123 151
151 124 152
152 125 153
153 126 142
154 128 155
155 129 144
130 156 141
131 154 157
156 131 158
132 133 159
133 134 160
134 135 161
135 136 162
136 137 163
137 138 164
138 139 165
139 140 166
140 141 167
142 143 168
143 132 159
144 145 169
145 146 170
146 147 171
147 148 172
148 149 173
149 150 174
150 151 175
151 152 176
152 153 177
153 142 168
154 155 169
155 144 169
141 156 158
157 154 178
131 157 158
159 133 160
160 134 161
161 135 162
162 136 163
163 137 164
164 138 165
165 139 166
166 140 167
167 141 158
168 143 159
169 145 170
170 146 171
171 147 172
172 148 173
173 149 174
174 150 175
175 151 176
176 152 177
177 153 168
154 169 178
157 178 179
158 157 180
159 160 168
160 161 181
161 162 182
162 163 183
163 164 184
164 165 185
165 166 186
166 167 187
167 158 180
169 170 178
170 171 179
171 172 188
172 173 189
173 174 190
174 175 184
175 176 182
176 177 181
177 168 181
179 178 170
157 179 180
168 160 181
181 161 182
182 162 183
183 163 184
184 164 185
185 165 186
186 166 187
187 167 180
179 171 188
188 172 189
189 173 190
190 174 184
184 175 183
182 176 181
175 182 183
180 179 188
184 185 190
185 186 189
186 187 188
187 180 188
188 189 186
189 190 185
