0
3
8
14
19
26
31
37
42
49
56
61
68
73
80
87
94
99
106
111
118
125
133
140
145
152
157
164
171
178
184
191
198
203
210
215
222
229
236
243
251
258
265
270
277
282
289
296
303
310
317
323
330
337
345
349
355
360
367
374
381
388
395
402
409
416
423
428
433
438
445
452
459
466
472
480
487
494
501
506
511
518
525
532
539
547
554
561
568
575
580
585
592
599
606
613
620
626
633
640
647
654
659
664
671
678
685
692
699
706
713
720
727
734
739
744
751
758
766
773
779
787
792
799
806
813
820
825
833
839
847
853
860
867
874
879
886
893
900
907
911
917
924
931
937
945
952
959
965
970
977
984
991
998
1003
1008
1015
1022
1029
1036
1044
1049
1056
1063
1070
1076
1081
1086
1091
1098
1105
1110
1117
1124
1132
1137
1144
1149
1156
1163
1170
1175
1180
1187
1194
1199
1204
1211
1216
1221
1226
1229
