139
190
54
0
174
134
16
44
166
184
176
89
32
5
12
90
154
167
180
187
185
160
113
67
42
23
10
2
3
25
68
114
153
165
189
188
181
170
148
121
101
78
66
1
7
18
34
56
79
102
126
140
141
155
156
186
4
8
13
19
26
35
45
57
69
80
91
103
115
127
55
43
33
24
17
11
6
182
177
171
161
149
135
122
109
100
88
77
65
53
157
168
175
179
183
142
143
144
9
14
20
27
36
46
58
70
81
92
104
116
128
41
31
22
15
178
172
162
150
136
123
110
97
87
76
64
52
158
169
173
129
145
21
28
37
47
59
71
82
93
105
117
40
30
163
151
137
124
111
98
85
75
63
51
159
164
130
146
131
29
38
48
60
72
83
94
106
118
39
152
138
125
112
99
86
74
62
50
147
133
132
49
61
73
84
95
107
119
120
108
96
