0.166667
0.166667
0.333333
0.333333
0.166667
0.333333
1.000000
0.166667
0.333333
0.333333
0.166667
1.333333
0.333333
0.166667
0.333333
0.166667
0.333333
1.000000
0.166667
0.333333
0.333333
0.333333
0.333333
2.000000
0.333333
0.333333
0.333333
0.166667
0.333333
1.000000
0.166667
0.333333
0.333333
0.333333
1.666667
0.333333
0.333333
0.333333
0.166667
0.333333
1.000000
0.166667
0.333333
0.333333
0.333333
0.333333
2.000000
0.333333
0.333333
0.333333
0.333333
0.333333
0.333333
2.000000
0.333333
0.333333
0.333333
0.166667
0.333333
1.000000
0.166667
0.333333
0.333333
0.333333
0.333333
2.000000
0.333333
0.333333
0.333333
0.166667
0.333333
1.000000
0.166667
0.333333
0.333333
0.333333
0.333333
2.000000
0.333333
0.333333
0.333333
0.333333
0.333333
0.333333
2.000000
0.333333
0.333333
0.333333
0.333333
0.333333
0.333333
2.000000
0.333333
0.333333
0.333333
0.166667
0.333333
1.000000
0.166667
0.333333
0.333333
0.333333
0.333333
2.000000
0.333333
0.333333
0.333333
0.166667
0.333333
1.000000
0.166667
0.333333
0.333333
0.333333
0.333333
2.000000
0.333333
0.333333
0.333333
0.333333
0.333333
0.333333
2.000000
0.333333
0.333333
0.333333
0.333333
0.333333
0.333333
0.333333
2.333333
0.333333
0.333333
0.333333
0.333333
0.333333
0.333333
2.000000
0.333333
0.333333
0.333333
0.166667
0.333333
1.000000
0.166667
0.333333
0.333333
0.333333
0.333333
2.000000
0.333333
0.333333
0.333333
0.166667
0.333333
1.000000
0.166667
0.333333
0.333333
0.333333
0.333333
2.000000
0.333333
0.333333
0.333333
0.333333
0.333333
0.333333
2.000000
0.333333
0.333333
0.333333
0.333333
0.333333
0.333333
2.000000
0.333333
0.333333
0.333333
0.333333
0.333333
1.666667
0.333333
0.333333
0.333333
0.333333
0.333333
0.333333
2.000000
0.333333
0.333333
0.333333
0.333333
0.333333
0.333333
2.000000
0.333333
0.333333
0.333333
0.166667
0.333333
1.000000
0.166667
0.333333
0.333333
0.333333
0.333333
2.000000
0.333333
0.333333
0.333333
0.166667
0.333333
1.000000
0.166667
0.333333
0.333333
0.333333
0.333333
2.000000
0.333333
0.333333
0.333333
0.333333
0.333333
0.333333
2.000000
0.333333
0.333333
0.333333
0.333333
0.333333
0.333333
2.000000
0.333333
0.333333
0.333333
0.333333
0.333333
0.333333
2.000000
0.333333
0.333333
0.333333
0.333333
0.333333
0.333333
0.333333
2.333333
0.333333
0.333333
0.333333
0.333333
0.333333
0.333333
2.000000
0.333333
0.333333
0.333333
0.333333
0.333333
0.333333
2.000000
0.333333
0.333333
0.333333
0.166667
0.333333
1.000000
0.166667
0.333333
0.333333
0.333333
0.333333
2.000000
0.333333
0.333333
0.333333
0.166667
0.333333
1.000000
0.166667
0.333333
0.333333
0.333333
0.333333
2.000000
0.333333
0.333333
0.333333
0.333333
0.333333
0.333333
2.000000
0.333333
0.333333
0.333333
0.333333
0.333333
0.333333
2.000000
0.333333
0.333333
0.333333
0.333333
0.333333
0.333333
2.000000
0.333333
0.333333
0.333333
0.333333
0.333333
0.333333
2.000000
0.333333
0.333333
0.333333
0.333333
0.333333
1.666667
0.333333
0.333333
0.031082
0.028952
0.033925
0.029187
0.184133
0.031797
0.029189
0.037003
0.031797
0.039935
0.029119
0.201002
0.034379
0.028769
0.043610
0.034379
0.039211
0.027535
0.028280
0.226299
0.025561
0.027724
0.011913
0.024496
0.012583
0.048991
0.027535
0.028538
0.023749
0.129738
0.025421
0.024496
0.024761
0.012380
0.024761
0.074283
0.012380
0.024761
0.024761
0.024761
0.024761
0.148565
0.024761
0.024761
0.024761
0.024761
0.024761
0.024761
0.148565
0.024761
0.024761
0.024761
0.024761
0.024761
0.024761
0.148565
0.024761
0.024761
0.024760
0.024760
0.024761
0.024761
0.148564
0.024761
0.024761
0.032786
0.030019
0.038531
0.041298
0.192154
0.024760
0.024760
0.036160
0.038531
0.033027
0.035166
0.200210
0.028779
0.028548
0.029135
0.028779
0.029187
0.028548
0.173029
0.028832
0.028548
0.029189
0.028832
0.029119
0.028548
0.172998
0.028762
0.028548
0.028769
0.028762
0.028280
0.028548
0.171180
0.028273
0.028548
0.023749
0.011913
0.025561
0.074947
0.013725
0.027724
0.013725
0.028273
0.083996
0.014274
0.024761
0.012380
0.024761
0.074283
0.012380
0.024761
0.024761
0.024761
0.024761
0.148565
0.024761
0.024761
0.024761
0.024761
0.024761
0.024761
0.148565
0.024761
0.024761
0.024761
0.024761
0.024761
0.024761
0.148565
0.024761
0.024761
0.024760
0.024760
0.024761
0.024761
0.148564
0.024761
0.024761
0.040811
0.032786
0.032786
0.155904
0.024760
0.024760
0.040811
0.041298
0.046831
0.035166
0.040700
0.261902
0.028548
0.028548
0.028548
0.028548
0.028548
0.028548
0.171286
0.028548
0.028548
0.028548
0.028548
0.028548
0.028548
0.171286
0.028548
0.028548
0.028548
0.028548
0.028548
0.028548
0.171287
0.028548
0.028548
0.028548
0.014274
0.028548
0.085643
0.014274
0.024761
0.012380
0.024761
0.074283
0.012380
0.024761
0.024761
0.024761
0.024761
0.148565
0.024761
0.024761
0.024761
0.024761
0.024761
0.024761
0.148565
0.024761
0.024761
0.024761
0.024761
0.024761
0.024761
0.148565
0.024761
0.024761
0.024760
0.024760
0.024761
0.024761
0.148564
0.024761
0.024761
0.028819
0.024758
0.032786
0.046831
0.042867
0.225582
0.024760
0.024760
0.028548
0.028548
0.028548
0.028548
0.171286
0.028548
0.028548
0.042867
0.030715
0.040700
0.028548
0.199925
0.028548
0.028548
0.028548
0.028548
0.028548
0.028548
0.171286
0.028548
0.028548
0.028548
0.028548
0.028548
0.028548
0.171287
0.028548
0.028548
0.028548
0.014274
0.028548
0.085643
0.014274
0.023577
0.011591
0.024366
0.071915
0.012380
0.025252
0.025231
0.024388
0.024761
0.148759
0.024366
0.024761
0.026016
0.025332
0.025914
0.024761
0.152015
0.025231
0.024761
0.025900
0.025220
0.026012
0.024761
0.151986
0.025332
0.024761
0.025593
0.025079
0.025734
0.024761
0.151148
0.025220
0.024761
0.030531
0.027297
0.028311
0.024758
0.160737
0.025079
0.024760
0.027297
0.028819
0.029193
0.144571
0.030715
0.028547
0.028548
0.028548
0.028548
0.028548
0.171286
0.028548
0.028548
0.028548
0.028548
0.028548
0.028548
0.171286
0.028548
0.028548
0.028547
0.028547
0.028548
0.028548
0.171285
0.028548
0.028548
0.028548
0.028548
0.028548
0.028548
0.171287
0.028548
0.028548
0.028548
0.014274
0.028548
0.085643
0.014274
0.021211
0.010277
0.022525
0.065605
0.011591
0.023082
0.024405
0.022014
0.024388
0.139991
0.022525
0.023577
0.026490
0.026895
0.024661
0.025914
0.153618
0.024405
0.025252
0.029130
0.027574
0.028448
0.026012
0.164075
0.026895
0.026016
0.029354
0.027255
0.029506
0.025734
0.165323
0.027574
0.025900
0.039639
0.033437
0.036175
0.028311
0.190412
0.027255
0.025593
0.033437
0.030531
0.029193
0.032099
0.182354
0.028547
0.028547
0.028548
0.028548
0.028548
0.028548
0.171287
0.028548
0.028548
0.028548
0.028548
0.028548
0.028548
0.171286
0.028548
0.028548
0.028548
0.028548
0.028548
0.028548
0.171286
0.028548
0.028548
0.028547
0.028547
0.028548
0.028548
0.171285
0.028548
0.028548
0.028548
0.014274
0.028548
0.085643
0.014274
0.019241
0.009402
0.020117
0.059036
0.010277
0.020263
0.021418
0.019764
0.022014
0.124788
0.020117
0.021211
0.030288
0.031732
0.021554
0.024661
0.152736
0.021418
0.023082
0.038702
0.032166
0.042942
0.040862
0.028448
0.241342
0.031732
0.026490
0.031192
0.028914
0.034820
0.029506
0.185728
0.032166
0.029130
0.038964
0.031072
0.036175
0.164480
0.028914
0.029354
0.038964
0.039639
0.034089
0.032099
0.033986
0.238645
0.028547
0.031320
0.028548
0.014274
0.028548
0.085643
0.014274
0.028548
0.028548
0.028548
0.028548
0.171287
0.028548
0.028548
0.028548
0.028548
0.028548
0.028548
0.171286
0.028548
0.028548
0.028548
0.028548
0.028548
0.028548
0.171286
0.028548
0.028548
0.031320
0.034361
0.028548
0.031588
0.182913
0.028548
0.028548
0.015140
0.007280
0.017261
0.049082
0.009402
0.024878
0.021897
0.022916
0.017870
0.019764
0.143828
0.017261
0.019241
0.020589
0.021346
0.021554
0.105650
0.021897
0.020263
0.040862
0.038656
0.020589
0.030288
0.026921
0.192323
0.017843
0.017164
0.034285
0.042942
0.027618
0.174854
0.031354
0.038656
0.032611
0.034820
0.031169
0.038702
0.200547
0.028960
0.034285
0.034089
0.031072
0.030154
0.031192
0.187675
0.028556
0.032611
0.033986
0.030154
0.034361
0.030994
0.183913
0.027441
0.026977
0.028548
0.014274
0.028548
0.085643
0.014274
0.028548
0.028548
0.028548
0.028548
0.171287
0.028548
0.028548
0.028548
0.028548
0.028548
0.028548
0.171286
0.028548
0.028548
0.028548
0.028548
0.028548
0.028548
0.171286
0.028548
0.028548
0.030994
0.026350
0.031588
0.026944
0.172972
0.028548
0.028548
0.007280
0.014263
0.006983
0.028526
0.017870
0.017098
0.015140
0.078440
0.014070
0.014263
0.020375
0.022916
0.014869
0.017098
0.104127
0.014591
0.014278
0.017164
0.021346
0.015396
0.024878
0.114234
0.015075
0.020375
0.017843
0.020392
0.015396
0.087611
0.018357
0.015623
0.031354
0.032568
0.026921
0.034715
0.020392
0.199973
0.030159
0.023865
0.028960
0.035628
0.027618
0.038822
0.200701
0.037104
0.032568
0.028556
0.026977
0.031169
0.028924
0.186216
0.034962
0.035628
0.026350
0.027441
0.027684
0.140575
0.030176
0.028924
0.028548
0.014274
0.028548
0.085643
0.014274
0.028548
0.028548
0.028548
0.028548
0.171287
0.028548
0.028548
0.028548
0.028548
0.028548
0.028548
0.171286
0.028548
0.028548
0.028548
0.028548
0.028548
0.028548
0.171286
0.028548
0.028548
0.027684
0.026944
0.030963
0.033664
0.174390
0.028548
0.026587
0.014278
0.007191
0.014070
0.042522
0.006983
0.015008
0.007608
0.014591
0.044398
0.007191
0.015623
0.015075
0.015939
0.014869
0.092044
0.015529
0.015008
0.023865
0.018357
0.026541
0.015939
0.122105
0.021249
0.016155
0.035969
0.030159
0.038566
0.026541
0.201733
0.038357
0.032141
0.038431
0.037104
0.038765
0.034715
0.223676
0.038692
0.035969
0.030176
0.033664
0.034962
0.038032
0.038822
0.252880
0.038791
0.038431
0.028548
0.014274
0.028548
0.085643
0.014274
0.028548
0.028548
0.028548
0.028548
0.171287
0.028548
0.028548
0.028548
0.028548
0.028548
0.028548
0.171286
0.028548
0.028548
0.026587
0.029636
0.028548
0.041663
0.193594
0.028548
0.038614
0.030963
0.029636
0.038032
0.174006
0.036658
0.038717
0.016155
0.008234
0.015529
0.047526
0.007608
0.032141
0.019126
0.021249
0.080750
0.008234
0.038565
0.019335
0.038357
0.115383
0.019126
0.038691
0.038692
0.038670
0.038566
0.231855
0.038670
0.038565
0.038717
0.038791
0.038670
0.038765
0.232305
0.038670
0.038691
0.028548
0.014274
0.028548
0.085643
0.014274
0.028548
0.028548
0.028548
0.028548
0.171287
0.028548
0.028548
0.038614
0.051535
0.028548
0.041779
0.217881
0.028548
0.028858
0.041663
0.036658
0.051535
0.052397
0.038670
0.304130
0.044537
0.038670
0.038670
0.019335
0.038670
0.116009
0.019335
0.038670
0.038670
0.038670
0.038670
0.232020
0.038670
0.038670
0.028548
0.014274
0.028548
0.085643
0.014274
0.028858
0.028557
0.028548
0.027591
0.169993
0.028548
0.027892
0.052397
0.041779
0.051830
0.055817
0.265567
0.028557
0.035188
0.055817
0.044537
0.048644
0.038670
0.263701
0.037364
0.038670
0.038670
0.019335
0.038670
0.116009
0.019335
0.027892
0.014274
0.026581
0.081711
0.012963
0.035188
0.044324
0.027591
0.041692
0.206921
0.026581
0.031546
0.051830
0.044324
0.048644
0.035040
0.243244
0.028654
0.034752
0.034752
0.016723
0.037364
0.108173
0.019335
0.031546
0.012963
0.030135
0.086195
0.011552
0.041692
0.035040
0.030135
0.019950
0.162647
0.016149
0.019683
0.028654
0.016723
0.019683
0.007751
0.072811
0.019950
0.011552
0.061709
0.010905
0.019303
0.019303
0.010905
0.016149
0.054107
0.007751
0.010905
0.021810
0.010905
