0
1
2
3
4
11
12
18
19
26
33
34
41
42
49
56
63
64
71
72
79
86
94
101
102
109
110
117
124
131
137
144
151
152
159
160
167
174
181
188
196
203
210
211
218
219
226
233
240
247
254
260
267
274
282
283
289
290
297
304
311
318
325
332
339
346
353
354
355
356
363
370
377
384
390
398
405
412
419
420
421
428
435
442
449
457
464
471
478
485
486
487
494
501
508
515
522
528
535
542
549
556
557
558
565
572
579
586
593
600
607
614
621
628
629
630
637
644
652
659
665
673
674
681
688
695
702
703
711
717
725
731
738
745
752
753
760
767
774
781
782
788
795
802
808
816
823
830
836
837
844
851
858
865
866
867
874
881
888
895
903
904
911
918
925
931
932
933
934
941
948
949
956
963
971
972
979
980
987
994
1001
1002
1003
1010
1017
1018
1019
1026
1027
1028
1029
1030
