1.000000
8.000000
5.000000
0.000000
4.500000
6.500000
2.500000
0.500000
2.750000
6.250000
7.250000
5.750000
3.750000
1.250000
0.250000
0.750000
1.875000
3.625000
5.375000
7.125000
7.625000
6.875000
6.125000
5.375000
4.375000
3.125000
1.875000
0.625000
0.125000
0.375000
0.625000
0.875000
1.437500
2.312500
7.562500
7.812500
7.437500
7.062500
6.687500
6.312500
5.937500
5.562500
5.187500
0.062500
0.187500
0.312500
0.437500
0.562500
0.687500
0.812500
0.937500
1.272380
1.711480
2.152180
2.594490
7.403280
0.558250
0.657660
0.740540
0.803040
0.865540
0.928040
0.990540
1.053040
1.115540
1.178040
1.240540
1.269770
1.276900
1.302490
4.687500
4.062500
3.437500
2.812500
2.187500
1.562500
0.937500
7.074570
6.840890
6.653390
6.465890
6.278390
6.090890
5.903390
5.715890
5.528390
5.340890
5.153390
4.965890
4.797730
3.260940
4.136750
5.011750
5.886750
6.751720
1.968520
2.401610
2.943990
1.090820
1.218450
1.293580
1.356080
1.418580
1.481080
1.543580
1.606080
1.668580
1.731080
1.779460
1.740890
1.709240
3.768620
3.125000
2.500000
1.868480
6.479000
6.244280
6.056780
5.869280
5.681780
5.494280
5.306780
5.119280
4.931780
4.744280
4.556780
4.374530
3.769760
4.648490
5.523490
2.189790
3.380500
1.776670
1.846620
1.909120
1.971620
2.034120
2.096620
2.159120
2.221620
2.278540
2.274110
3.456120
2.812500
5.647670
5.460170
5.272670
5.085170
4.897670
4.710170
4.522670
4.335170
4.147670
3.960520
4.281700
5.160240
2.790980
3.880070
3.184820
2.332880
2.399660
2.462160
2.524660
2.587160
2.649660
2.712160
2.772690
2.801320
3.139040
5.051060
4.863560
4.676060
4.488560
4.301060
4.113560
3.926060
3.738560
3.550070
4.508780
4.176290
3.601110
2.952690
3.015190
3.077690
3.140190
3.202690
3.264650
3.311540
4.079460
3.891960
3.704460
