1.000000
0.000000
10.000000
10.000000
0.500000
5.000000
10.000000
5.500000
0.750000
0.250000
2.500000
7.500000
10.000000
10.000000
7.750000
3.250000
0.875000
0.625000
0.375000
0.125000
1.250000
3.750000
6.250000
8.750000
10.000000
10.000000
10.000000
10.000000
8.875000
6.625000
4.375000
2.125000
0.937500
0.812500
0.062500
0.625000
1.875000
3.125000
4.375000
5.625000
6.875000
8.125000
9.375000
9.437500
8.312500
7.187500
6.062500
4.937500
3.812500
2.687500
1.562500
1.344140
1.292850
1.252770
1.223900
0.510440
9.207860
8.649460
8.089230
7.526730
6.964230
6.401730
5.839230
5.276730
4.714230
4.151730
3.589230
3.023030
2.454380
1.887780
9.516820
9.497180
9.475000
9.475000
9.475000
9.482760
9.528060
1.425500
2.036640
2.661640
3.286640
3.911640
4.536640
5.161640
5.786640
6.411640
7.036640
7.661640
8.286640
8.917440
1.201610
1.082220
0.957220
0.832220
0.637010
1.676260
1.671520
1.699300
9.014630
8.446170
7.865950
7.303450
6.740950
6.178450
5.615950
5.053450
4.490950
3.928450
3.333200
2.744570
2.190020
8.961420
8.950000
8.950000
8.953920
1.548020
2.198280
2.823280
3.448280
4.073280
4.698280
5.323280
5.948280
6.573280
7.198280
7.823280
8.466810
1.662110
1.539450
1.414450
2.105520
2.205170
8.223480
7.642680
7.080180
6.517680
5.955180
5.392680
4.830180
4.267680
3.673360
3.005210
8.430790
8.425000
2.359930
2.984930
3.609930
4.234930
4.859930
5.484930
6.109930
6.734930
7.359930
8.001990
2.120740
1.996670
2.318460
2.685660
2.777380
7.995850
7.419410
6.856910
6.294410
5.731910
5.169410
4.606910
4.020580
3.335800
7.902920
2.521570
3.146570
3.771570
4.396570
5.021570
5.646570
6.271570
6.896570
7.534040
2.707400
3.221220
3.252020
7.196130
6.633630
6.071130
5.508630
4.946130
4.367650
3.700120
3.933210
4.558210
5.183210
